M21E;Course 1;0;6.200;80;S1;0.404;96;0.271;58;0.449;34;0.157;35;0.177;57;0.237;37;0.220;38;0.379;40;0.269;63;0.339;56;0.306;83;0.243;84;0.250;46;0.400;43;0.084;77;0.233;76;0.251;78;0.491;75;0.175;50;0.272;80;0.102;53;0.169;72;0.190;100;0.089;F1
OPEN 2;Course 23;0;5.100;65;S1;0.148;81;0.090;32;0.214;33;0.266;39;0.362;42;0.397;35;0.112;36;0.307;37;0.220;38;0.379;40;0.390;51;0.306;44;0.295;49;0.475;69;0.205;50;0.269;60;0.151;53;0.227;97;0.161;100;0.089;F1
OPEN 1;Course 22;0;3.000;35;S1;0.148;81;0.420;56;0.125;64;0.308;42;0.421;44;0.112;84;0.250;46;0.292;92;0.372;75;0.155;72;0.096;87;0.149;100;0.089;F1
W21B;Course 18;0;3.200;35;S1;0.281;90;0.416;51;0.326;84;0.212;91;0.259;92;0.267;79;0.293;69;0.258;61;0.227;60;0.129;106;0.130;53;0.267;100;0.089;F1
M21B;Course 19;0;3.500;40;S1;0.281;90;0.416;51;0.326;84;0.212;91;0.258;108;0.335;79;0.293;69;0.312;93;0.146;103;0.239;52;0.145;106;0.130;53;0.267;100;0.089;F1
EASY;Course 27;0;1.900;25;S1;0.175;101;0.259;108;0.275;102;0.270;105;0.194;47;0.274;103;0.217;104;0.099;100;0.089;F1
W65  W70  M75;Course 20;0;2.900;35;S1;0.148;81;0.165;90;0.305;56;0.125;64;0.308;42;0.421;44;0.112;84;0.195;49;0.475;69;0.099;75;0.165;61;0.092;71;0.208;100;0.089;F1
W60 M70 W55;Course 12;0;3.500;40;S1;0.281;90;0.228;62;0.351;42;0.286;82;0.279;64;0.340;31;0.141;54;0.308;46;0.292;92;0.392;48;0.144;50;0.133;72;0.096;87;0.149;100;0.089;F1
W45  W50;Course 15;0;3.900;50;S1;0.215;32;0.214;33;0.139;62;0.425;63;0.236;35;0.148;40;0.281;39;0.279;51;0.364;54;0.262;91;0.117;78;0.491;75;0.175;50;0.133;72;0.096;87;0.149;100;0.089;F1
W21A;Course 25;0;3.800;55;S1;0.404;96;0.182;62;0.491;34;0.157;35;0.148;40;0.319;58;0.432;83;0.243;84;0.195;49;0.568;75;0.155;72;0.104;71;0.106;80;0.210;100;0.089;F1
W16;Course 16;0;3.300;35;S1;0.281;90;0.260;31;0.334;42;0.286;82;0.235;41;0.197;56;0.149;51;0.326;84;0.372;70;0.196;69;0.258;61;0.110;87;0.149;100;0.089;F1
M16;Course 17;0;3.800;45;S1;0.215;32;0.214;33;0.157;56;0.412;34;0.157;35;0.112;36;0.194;85;0.427;64;0.235;51;0.364;54;0.218;79;0.293;69;0.258;61;0.198;80;0.210;100;0.089;F1
W14;Course 26;0;2.700;35;S1;0.281;90;0.260;31;0.116;84;0.373;92;0.294;94;0.203;69;0.258;61;0.227;60;0.129;106;0.130;53;0.267;100;0.089;F1
W35  W40;Course 11;0;4.300;55;S1;0.404;96;0.189;56;0.412;34;0.157;35;0.177;57;0.132;88;0.155;85;0.427;64;0.416;83;0.243;84;0.195;49;0.568;75;0.175;50;0.214;71;0.106;80;0.210;100;0.089;F1
M18  M20;Course 14;0;4.400;60;S1;0.404;96;0.271;58;0.449;34;0.157;35;0.177;57;0.132;88;0.155;85;0.356;41;0.474;83;0.359;45;0.195;78;0.491;75;0.175;50;0.177;61;0.092;71;0.208;100;0.089;F1
W18  W20;Course 10;0;3.600;40;S1;0.427;31;0.334;42;0.383;40;0.281;39;0.147;56;0.306;83;0.243;84;0.212;91;0.259;92;0.392;48;0.144;50;0.133;72;0.096;87;0.149;100;0.089;F1
W21E;Course 2;0;4.800;65;S1;0.215;32;0.214;33;0.229;58;0.449;34;0.157;35;0.112;36;0.307;37;0.244;73;0.279;40;0.180;41;0.286;51;0.306;44;0.194;74;0.157;78;0.397;69;0.205;50;0.272;80;0.102;53;0.227;97;0.161;100;0.089;F1
W8 M8 W10 M10;Course 3;0;1.200;20;S1;0.175;101;0.232;102;0.345;103;0.217;104;0.099;100;0.089;F1
W12;Course 4;0;1.600;20;S1;0.255;102;0.270;105;0.176;103;0.224;106;0.326;107;0.160;104;0.099;100;0.089;F1
M12;Course 5;0;2.100;30;S1;0.175;101;0.232;102;0.270;105;0.194;47;0.274;103;0.224;106;0.326;107;0.160;104;0.099;100;0.089;F1
M35  M40;Course 7;0;5.700;75;S1;0.182;59;0.356;62;0.491;34;0.157;35;0.177;57;0.132;88;0.193;73;0.279;40;0.281;39;0.279;51;0.306;44;0.194;74;0.393;43;0.200;67;0.266;65;0.307;45;0.435;69;0.205;50;0.269;60;0.151;53;0.227;97;0.161;100;0.056;F1
M21A;Course 8;0;5.600;75;S1;0.104;79;0.474;62;0.425;63;0.236;35;0.112;36;0.243;95;0.213;73;0.279;40;0.250;64;0.235;51;0.306;44;0.194;74;0.393;43;0.200;67;0.266;65;0.166;78;0.397;69;0.205;50;0.269;60;0.151;53;0.227;97;0.161;100;0.089;F1
M45  M50;Course 9;0;5.400;70;S1;0.182;59;0.356;62;0.425;63;0.236;35;0.177;57;0.179;95;0.213;73;0.511;64;0.235;51;0.364;54;0.138;74;0.393;43;0.084;77;0.134;67;0.226;78;0.491;75;0.175;50;0.272;80;0.102;53;0.169;72;0.190;100;0.089;F1
M55;Course 24;0;4.700;60;S1;0.215;32;0.214;33;0.139;62;0.425;63;0.143;82;0.202;36;0.243;95;0.213;73;0.279;40;0.250;64;0.235;51;0.191;83;0.243;84;0.249;78;0.397;69;0.205;50;0.269;60;0.142;71;0.159;97;0.161;100;0.089;F1
M60  M65;Course 13;0;4.400;55;S1;0.148;81;0.366;62;0.425;63;0.143;82;0.202;36;0.184;88;0.193;73;0.511;64;0.235;51;0.191;83;0.359;45;0.195;78;0.505;48;0.144;50;0.177;61;0.092;71;0.208;100;0.089;F1
M14;Course 6;0;3.100;35;S1;0.281;90;0.296;84;0.212;91;0.259;92;0.294;94;0.203;69;0.239;72;0.166;105;0.104;93;0.373;52;0.145;106;0.130;53;0.267;100;0.089;F1
M80  W80  W75 W85  M85;Course 21;0;2.600;30;S1;0.281;90;0.260;31;0.116;84;0.212;91;0.259;92;0.294;94;0.203;69;0.258;61;0.136;93;0.189;53;0.267;100;0.089;F1
